0,513
0,512
163,41
171,109
171,108
171,107
171,106
171,105
171,104
171,103
171,102
0,511
168,43
160,31
26,95
166,138
166,137
0,510
0,508
166,136
166,135
166,134
166,133
166,132
166,131
166,130
166,129
168,46
168,50
0,507
171,101
171,100
171,99
171,98
171,97
171,96
171,95
171,94
163,403
163,402
163,401
163,400
163,399
163,398
163,397
163,396
163,395
163,394
0,506
174,14
174,13
171,93
168,49
168,41
166,68
0,505
0,502
0,501
0,498
0,497
0,494
0,493
0,492
0,491
0,490
0,489
0,488
0,487
215,3
215,2
0,539
0,9
215,1
215,0
10,299
10,227
10,67
10,290
10,297
10,114
10,34
11,18
11,14
11,24
11,7
11,11
11,19
9,5
9,1
9,7
9,2
9,3
8,5
8,10
8,7
8,14
8,13
8,8
8,2
8,3
0,504
12,2
12,1
12,3
20,2
20,1
20,3
19,2
19,1
19,3
164,14
164,13
163,388
163,387
163,386
163,385
163,384
163,383
163,382
163,381
163,380
163,379
163,378
163,377
163,376
163,375
163,374
163,373
163,372
163,371
163,370
163,369
163,368
163,367
163,366
163,365
163,364
163,363
163,362
163,361
163,360
163,359
163,358
163,357
163,356
163,355
163,354
163,353
163,352
163,351
163,350
163,349
163,348
163,347
163,346
163,345
163,344
163,343
163,342
163,341
163,340
163,339
163,338
163,337
163,336
163,335
163,334
163,333
163,332
163,331
163,330
163,329
163,328
163,327
163,326
163,325
163,324
163,323
163,322
163,321
163,320
163,318
163,317
163,316
163,315
163,314
163,313
163,312
163,311
163,310
163,309
163,308
163,307
163,306
163,305
163,304
163,303
163,302
163,301
163,300
163,299
163,298
163,297
163,296
163,295
163,294
163,293
163,292
163,291
163,290
163,289
163,1
11,28
11,23
11,21
11,12
11,8
11,1
11,4
11,3
11,2
10,296
10,284
10,252
10,240
10,214
10,211
10,166
10,86
10,3
10,2
10,1
8,1
8,11
3,3
3,2
3,1
18,1
18,3
14,1
14,5
14,3
13,1
13,3
2,2
2,1
2,3
0,0
214,34
214,33
214,32
214,31
214,30
214,29
214,28
214,27
214,26
214,25
214,24
214,23
214,22
214,21
214,20
214,19
214,18
214,17
214,16
214,15
214,14
214,13
214,12
214,11
214,10
214,9
214,8
214,7
214,6
214,5
214,4
214,3
214,2
214,0
0,532
0,276
0,275
0,272
0,271
0,535
0,12
0,503
0,10
0,8
0,455
0,268
0,526
0,454
0,267
0,361
0,453
0,266
0,393
0,452
0,265
0,385
0,451
0,264
0,333
0,450
0,263
0,336
0,449
0,262
0,327
0,448
0,261
0,344
0,447
0,260
0,338
0,446
0,259
0,326
0,445
0,258
0,314
0,444
0,257
0,355
0,443
0,256
0,482
0,442
0,255
0,509
0,441
0,254
0,570
0,440
0,253
0,347
0,439
0,252
0,481
0,438
0,251
0,343
0,437
0,250
0,486
0,436
0,249
0,371
0,435
0,248
0,370
0,434
0,247
0,312
